Timestamp,X-Axis,Y-Axis,Z-Axis
0.0,-25,-20,-44
0.1,5,2,-22
0.2,-39,-13,-28
0.3,-486,-230,53
0.4,-321,-121,-6
0.5,-6,-55,-22
0.6,-404,-179,43
0.7,-86,-66,-57
0.8,-182,-22,98
0.9,-435,-79,121
1.0,-499,-178,147
1.1,4,-10,-209
1.2,-55,-43,93
1.3,-42,-16,-96
1.4,-331,-289,139
1.5,-448,-162,-26
1.6,-180,-7,-105
1.7,-245,-101,60
1.8,-285,-126,19
1.9,-145,-75,-10
2.0,-246,-88,50
2.1,-269,-28,140
2.2,-512,-130,186
2.3,-398,-114,40
2.4,70,-5,-205
2.5,-21,39,27
2.6,28,13,-12
2.7,-505,-111,116
2.8,-512,-147,156
2.9,-66,-5,1
3.0,-272,-87,43
3.1,-354,-138,29
3.2,-98,-27,-40
3.3,-181,-74,126
3.4,-246,-112,324
3.5,-512,-304,218
3.6,-20,6,-65
3.7,-74,-154,-21
3.8,60,26,-227
3.9,4,-73,131
4.0,-512,-405,511
4.1,-220,-66,145
4.2,-77,-38,-126
4.3,-367,-203,186
4.4,-116,-37,-3
4.5,-137,-28,-97
4.6,-139,-36,-6
4.7,-486,-100,351
4.8,-386,-78,395
4.9,-28,-53,-161
5.0,-43,-28,252
5.1,-24,-1,-137
5.2,-152,-102,-37
5.3,-512,-364,237
5.4,-324,-53,27
5.5,27,-48,38
5.6,-504,-129,206
5.7,-150,-76,-19
5.8,-184,-78,-58
5.9,-205,-90,32
6.0,-389,-305,62
6.1,323,237,511
6.2,-30,-37,-107
6.3,-143,-22,121
6.4,24,60,-38
6.5,-214,-85,-6
6.6,-512,-52,476
6.7,-362,-109,4
6.8,-44,-50,31
6.9,-338,-38,59
7.0,-247,-18,-51
7.1,-197,-96,-46
7.2,-120,44,51
7.3,-496,-35,92
7.4,-512,-78,326
7.5,12,-169,-293
7.6,52,71,113
7.7,-20,-46,-92
7.8,-46,12,-25
7.9,-512,101,97
8.0,-317,-60,137
8.1,4,-58,-24
8.2,-348,30,40
8.3,-298,-42,38
8.4,-137,-78,-84
8.5,-142,-24,68
8.6,-346,1,223
8.7,-512,-50,222
8.8,-120,-41,-227
8.9,102,-111,511
9.0,14,-45,-76
9.1,-27,42,5
9.2,-245,-30,-110
9.3,-512,-57,312
9.4,-237,-50,113
9.5,-43,-1,-60
9.6,-411,-71,23
9.7,-248,-63,27
9.8,-100,-107,-94
9.9,-296,-148,-12
10.0,-324,-38,129
10.1,-512,-213,465
10.2,-351,-254,-512
10.3,-372,-35,-155
10.4,11,-26,-105
10.5,-5,12,37
10.6,-140,-25,-54
10.7,-512,-200,511
10.8,-357,-79,145
10.9,-65,-37,-27
11.0,-440,-81,-35
11.1,-300,-79,58
11.2,-146,-61,-138
11.3,-82,21,95
11.4,-392,-194,90
11.5,-512,-224,397
11.6,-331,-275,-273
11.7,-66,62,511
11.8,69,-3,-185
11.9,-12,-2,3
12.0,-105,-66,-105
12.1,-512,-119,511
12.2,-512,-101,162
12.3,-138,-37,-39
12.4,-326,-85,179
12.5,-270,-121,50
12.6,-113,-51,-77
12.7,-294,-37,120
12.8,-453,-72,249
12.9,-493,-230,464
13.0,319,-33,-433
13.1,-32,-1,-127
13.2,54,4,42
13.3,-98,42,22
13.4,-512,-147,29
13.5,-512,-181,-313
13.6,-156,-59,-59
13.7,-127,1,88
13.8,-493,-200,150
13.9,2,-31,-67
14.0,-327,-90,154
14.1,-512,-208,58
14.2,-479,-406,114
14.3,236,-97,-57
14.4,19,-159,-150
14.5,-1,75,20
14.6,-62,44,30
14.7,-426,-305,195
14.8,-134,-241,-76
14.9,-170,4,-27
15.0,-180,-117,6
15.1,-308,-259,-13
15.2,-147,-32,-88
15.3,-204,30,250
15.4,-456,-96,354
15.5,-512,-347,188
15.6,478,128,-512
15.7,-257,-150,-198
15.8,-11,87,44
15.9,37,-48,-60
16.0,-355,-225,-2
16.1,-437,-296,51
16.2,-47,39,20
16.3,-232,-63,37
16.4,-291,-110,84
16.5,-62,-81,-104
16.6,-195,-162,142
16.7,-182,-158,129
16.8,-512,-183,404
16.9,-90,-14,-360
17.0,-512,-29,511
17.1,55,-25,-189
17.2,-29,-24,65
17.3,-272,-162,-68
17.4,-512,-64,157
17.5,-314,-102,45
17.6,63,-58,-70
17.7,-361,-157,133
17.8,-129,-52,36
17.9,-156,-32,-90
18.0,-302,-61,366
18.1,-512,-364,356
18.2,-361,-333,54
18.3,66,-32,12
18.4,-65,-69,-190
18.5,-84,19,-17
18.6,-21,-64,31
18.7,-512,-512,511
18.8,-321,-173,90
18.9,-7,20,-39
19.0,-226,-30,82
19.1,-275,-129,-15
19.2,-111,-77,-63
19.3,-127,-30,141
19.4,-288,34,53
19.5,-512,-263,332
19.6,366,22,-512
19.7,-8,-63,-166
19.8,25,32,31
19.9,-13,-29,-101
20.0,-201,-86,59
20.1,-477,364,511
20.2,-512,-47,64
20.3,-42,-73,-23
20.4,-292,-90,20
20.5,-71,3,-11
20.6,-417,-37,23
20.7,-512,-116,463
20.8,-512,-107,168
20.9,77,-369,-274
21.0,109,-294,342
21.1,-35,-5,35
21.2,-33,31,-30
21.3,-202,-210,133
21.4,299,-326,-36
21.5,-33,-171,-111
21.6,-80,-104,-412
21.7,-273,-115,155
21.8,-305,-105,-58
21.9,-21,-6,115
22.0,-304,-131,215
22.1,-512,-58,317
22.2,-512,-216,317
22.3,98,160,-512
22.4,-131,-221,511
22.5,18,54,240
22.6,-88,-66,-129
22.7,-479,-245,-86
22.8,-494,-46,-506
22.9,-226,-97,-32
23.0,-151,-136,-29
23.1,-329,-183,-76
23.2,-95,-29,-123
23.3,-206,-61,182
23.4,-512,-498,115
23.5,-512,-354,74
23.6,195,-106,-512
23.7,69,-101,-251
23.8,-60,25,-29
23.9,-61,9,-5
24.0,-144,-83,-56
24.1,-512,-135,146
24.2,-310,-51,-30
24.3,-185,29,82
24.4,-392,-127,-64
24.5,-116,-99,57
24.6,-338,4,307
24.7,-512,-208,304
24.8,-512,-227,149
24.9,363,-203,-52
25.0,133,-146,-199
25.1,-24,-22,5
25.2,-20,12,4
25.3,-174,-233,17
25.4,-512,87,-23
25.5,-133,56,34
25.6,-43,7,-44
25.7,-512,-122,28
25.8,-47,-6,-141
25.9,-189,21,29
26.0,-71,74,-512
26.1,-512,-236,421
26.2,-72,-337,-511
26.3,-512,-263,494
26.4,-54,104,254
26.5,-157,42,-50
26.6,-61,-37,-59
26.7,-512,-449,157
26.8,-203,-233,123
26.9,-30,-19,35
27.0,-144,-85,91
27.1,-275,-94,-40
27.2,-35,-38,54
27.3,-162,98,268
27.4,-512,-400,189
27.5,-326,-233,-238
27.6,-297,-125,-394
27.7,75,-8,-217
27.8,-27,-61,47
27.9,-24,16,26
28.0,-480,-239,18
28.1,-512,-217,128
28.2,-301,4,59
28.3,84,-63,3
28.4,-317,-158,-89
28.5,12,-47,-45
28.6,-107,30,140
28.7,-512,-46,509
28.8,-234,-234,-512
28.9,-240,-74,-160
29.0,-135,63,-8
29.1,-62,2,1
29.2,26,-57,-78
29.3,-512,-281,-262
29.4,-483,-122,-111
29.5,101,-30,-13
29.6,-512,-200,116
29.7,-111,-99,-19
29.8,-114,-69,23
29.9,-237,68,306