Timestamp,X-Axis,Y-Axis,Z-Axis
0.0,-256,12,37
0.1,-257,11,36
0.2,-255,11,37
0.3,-256,10,37
0.4,-258,9,39
0.5,-257,13,38
0.6,-256,11,38
0.7,-255,12,38
0.8,-255,11,37
0.9,-257,11,39
1.0,-256,16,30
1.1,-257,11,38
1.2,-258,10,43
1.3,-249,14,38
1.4,-259,12,38
1.5,-255,11,40
1.6,-257,13,34
1.7,-257,11,36
1.8,-256,11,41
1.9,-256,11,41
2.0,-256,12,36
2.1,-256,11,40
2.2,-258,13,39
2.3,-256,12,39
2.4,-256,11,40
2.5,-256,13,39
2.6,-257,13,38
2.7,-255,12,39
2.8,-256,13,40
2.9,-257,10,42
3.0,-256,11,36
3.1,-257,11,40
3.2,-257,9,41
3.3,-257,10,41
3.4,-256,10,46
3.5,-254,13,40
3.6,-255,13,40
3.7,-255,14,40
3.8,-256,12,40
3.9,-255,12,40
4.0,-255,11,41
4.1,-255,12,38
4.2,-256,11,48
4.3,-256,15,39
4.4,-257,10,35
4.5,-257,14,42
4.6,-256,13,37
4.7,-256,10,39
4.8,-257,14,39
4.9,-256,11,38
5.0,-256,11,41
5.1,-264,18,27
5.2,-256,12,42
5.3,-257,13,40
5.4,-256,14,40
5.5,-257,10,43
5.6,-254,11,42
5.7,-256,10,45
5.8,-258,11,36
5.9,-256,10,40
6.0,-256,14,30
6.1,-262,18,28
6.2,-246,17,40
6.3,-256,16,43
6.4,-259,13,36
6.5,-260,23,37
6.6,-257,16,42
6.7,-257,23,30
6.8,-261,19,30
6.9,-256,14,34
7.0,-257,12,44
7.1,-259,21,38
7.2,-260,20,37
7.3,-257,19,39
7.4,-252,19,37
7.5,-256,21,31
7.6,-255,21,38
7.7,-255,19,41
7.8,-255,18,42
7.9,-256,19,39
8.0,-256,20,40
8.1,-256,21,38
8.2,-257,23,36
8.3,-257,23,41
8.4,-257,20,37
8.5,-255,22,39
8.6,-256,22,38
8.7,-257,17,35
8.8,-256,15,38
8.9,-256,17,39
9.0,-256,15,37
9.1,-256,18,39
9.2,-255,15,43
9.3,-258,18,43
9.4,-257,20,37
9.5,-256,17,41
9.6,-257,16,40
9.7,-256,21,36
9.8,-256,20,39
9.9,-254,17,35
10.0,-258,19,36
10.1,-257,20,42
10.2,-256,18,38
10.3,-259,19,30
10.4,-255,7,35
10.5,-252,36,27
10.6,-259,10,57
10.7,-255,27,26
10.8,-244,14,36
10.9,-252,-14,4
11.0,-266,22,10
11.1,-273,20,-4
11.2,-259,2,13
11.3,-270,5,9
11.4,-261,-4,24
11.5,-250,-12,-3
11.6,-268,23,-2
11.7,-272,3,12
11.8,-261,-14,3
11.9,-267,28,43
12.0,-214,57,63
12.1,-288,-26,14
12.2,-270,40,45
12.3,-264,-1,4
12.4,-265,0,17
12.5,-285,11,16
12.6,-288,-1,28
12.7,-250,-18,12
12.8,-294,11,16
12.9,-249,11,17
13.0,-253,21,40
13.1,-246,0,-6
13.2,-256,12,11
13.3,-206,12,96
13.4,-266,41,55
13.5,-266,48,15
13.6,-249,13,23
13.7,-267,39,36
13.8,-253,31,28
13.9,-258,14,34
14.0,-266,12,39
14.1,-269,0,19
14.2,-266,6,35
14.3,-258,-2,15
14.4,-278,27,10
14.5,-286,28,-19
14.6,-265,10,-8
14.7,-267,1,-2
14.8,-253,16,24
14.9,-289,45,-11
15.0,-240,-2,-7
15.1,-272,12,-8
15.2,-264,0,10
15.3,-237,8,21
15.4,-292,20,-3
15.5,-241,-12,3
15.6,-259,-7,2
15.7,-258,-5,10
15.8,-252,-3,-1
15.9,-239,-36,-30
16.0,-160,11,14
16.1,-310,44,91
16.2,-512,138,214
16.3,129,-131,-339
16.4,-133,30,-125
16.5,25,-36,41
16.6,-97,-26,4
16.7,-512,139,275
16.8,-345,-67,110
16.9,-71,1,125
17.0,-263,-14,-4
17.1,-308,-55,30
17.2,-238,-34,-4
17.3,-260,-12,17
17.4,-247,-19,22
17.5,-262,-25,8
17.6,-269,-27,22
17.7,-262,-22,15
17.8,-260,-26,8
17.9,-258,-25,14
18.0,-261,-29,19
18.1,-257,-25,13
18.2,-258,-23,15
18.3,-260,-26,16
18.4,-260,-25,15
18.5,-258,-24,8
18.6,-263,-25,10
18.7,-257,-22,13
18.8,-258,-27,14
18.9,-260,-24,9
19.0,-263,-25,8
19.1,-260,-23,10
19.2,-259,-25,12
19.3,-257,-25,15
19.4,-256,-27,18
19.5,-262,-38,18
19.6,-256,-31,18
19.7,-268,-18,6
19.8,-260,-31,18
19.9,-261,-27,10
20.0,-257,-29,17
20.1,-253,-23,7
20.2,-258,-30,14
20.3,-259,-28,18
20.4,-263,-30,15
20.5,-261,-29,13
20.6,-257,-30,12
20.7,-256,-25,7
20.8,-258,-29,11
20.9,-257,-27,15
21.0,-260,-26,7
21.1,-262,-29,10
21.2,-256,-28,11
21.3,-259,-25,10
21.4,-258,-31,9
21.5,-258,-30,12
21.6,-258,-29,12
21.7,-256,-33,12
21.8,-260,-31,10
21.9,-262,-30,18
22.0,-260,-30,7
22.1,-257,-28,8
22.2,-257,-34,7
22.3,-258,-23,21
22.4,-264,-30,5
22.5,-268,-15,12
22.6,-261,-9,4
22.7,-265,-62,0
22.8,-274,-21,-5
22.9,-202,-58,-24
23.0,-155,-1,-19
23.1,-402,70,83
23.2,-512,67,82
23.3,-512,4,-127
23.4,130,-91,445
23.5,5,6,-159
23.6,14,-1,13
23.7,-471,16,-85
23.8,-512,-124,511
23.9,-310,19,-103
24.0,-116,-43,30
24.1,-385,-55,73
24.2,-223,-17,11
24.3,-280,-21,7
24.4,-255,-26,23
24.5,-256,-31,25
24.6,-261,-28,25
24.7,-258,-28,16
24.8,-255,-34,12
24.9,-261,-34,25
25.0,-256,-29,14
25.1,-259,-30,14
25.2,-260,-28,14
25.3,-255,-28,29
25.4,-265,-40,21
25.5,-221,-31,16
25.6,-254,0,41
25.7,-117,49,28
25.8,-250,-21,28
25.9,-256,-8,67
26.0,-210,-31,62
26.1,-198,9,81
26.2,-244,-33,171
26.3,-184,28,172
26.4,-197,-4,190
26.5,-152,2,114
26.6,-164,4,167
26.7,-104,-29,214
26.8,-91,-30,242
26.9,-15,53,120
27.0,-32,-6,231
27.1,-47,4,169
27.2,2,5,232
27.3,0,6,225
27.4,-19,11,225
27.5,20,-13,226
27.6,1,4,231
27.7,1,5,229
27.8,1,4,229
27.9,1,6,230
28.0,1,5,228
28.1,1,5,226
28.2,0,5,227
28.3,1,5,229
28.4,1,4,229
28.5,1,6,228
28.6,2,4,227
28.7,2,5,228
28.8,1,6,222
28.9,1,4,228
29.0,1,4,227
29.1,1,5,228
29.2,1,4,227
29.3,1,6,230
29.4,2,4,229
29.5,2,5,228
29.6,1,4,229
29.7,1,5,229
29.8,1,5,228
29.9,2,5,229